-2.874235261096639960e+00
-2.855280628208108240e+00
-2.830943470332988099e+00
-2.806084154392081587e+00
-2.776076137496342078e+00
-2.762193990221492257e+00
-2.735483148560473587e+00
-2.708851949594084374e+00
-2.685047412348207985e+00
-2.656797702635391722e+00
-2.628236236445995466e+00
-2.604897197145600085e+00
-2.575803231748072797e+00
-2.550102573846290355e+00
-2.523617841577031395e+00
-2.498150032249305763e+00
-2.471955693038159652e+00
-2.441230673038444543e+00
-2.399404525114693598e+00
-2.357131027275642055e+00
-2.326095997248187164e+00
-2.300311546242149952e+00
-2.279244877404867697e+00
-2.260237776153739553e+00
-2.237974567554537053e+00
-2.221303603202541943e+00
-2.202273455816372572e+00
-2.183238418033232264e+00
-2.155674149759280844e+00
-2.113341610552788907e+00
-2.034129181824046562e+00
-1.992430319603747835e+00
-1.965501295902352119e+00
-1.947193273682309433e+00
-1.924725019903837042e+00
-1.909316070003343357e+00
-1.887258034073432178e+00
-1.849983400498895314e+00
-1.733508409787869020e+00
-1.691975618405022752e+00
-1.556858117807004449e+00
-1.607729201476420178e+00
-1.601347849761852959e+00
-1.554421818836727587e+00
-1.582552330543598895e+00
-1.576902447770067051e+00
-1.567673067682107124e+00
-1.566233403260624657e+00
-1.544489597499143940e+00
-1.541201402205115256e+00
-1.536947819836367746e+00
-1.474675370186445900e+00
-1.326453538308229874e+00
-1.330119521274296002e+00
-1.497892478751913448e+00
-1.488753478232071048e+00
-1.487931433501899603e+00
-1.483834614473166891e+00
-1.481270665964695699e+00
-1.481378805546638366e+00
-1.482631818374137156e+00
-1.475997543751919938e+00
-1.459013479675610458e+00
-1.396360456408764605e+00
-1.310863132438337963e+00
-1.243413930116126220e+00
-1.194927901977694162e+00
-1.157351783496124220e+00
-1.141246192218459132e+00
-1.118865630918854492e+00
-1.097761465616590826e+00
-1.078375022590683852e+00
-1.049191684832205596e+00
-9.967912492174080263e-01
-9.158108720557160964e-01
-8.680096983405745092e-01
-7.533818049956662044e-01
-7.059288985282905493e-01
-7.261232377362527579e-01
-6.659043483256406049e-01
-6.187643712851893518e-01
-5.956576223863776498e-01
-5.926058269449541172e-01
-5.925124383254742888e-01
-5.958713149864451886e-01
-6.059248140911148717e-01
-6.272424563548057996e-01
-6.513106498882339501e-01
-6.655311846375071561e-01
-6.819291859422120794e-01
-6.984200232481900805e-01
-7.241289409665458976e-01
-7.507582909824330741e-01
-7.860323955621919545e-01
-8.135319527392752548e-01
-8.360886014122033139e-01
-8.330602903182398045e-01
-8.344371478486953819e-01
-8.484027143467258725e-01
-8.533870205397806608e-01
-8.609546097176825619e-01
-8.660398292774540430e-01
-8.672342801045078708e-01
-8.694082266266591752e-01
-8.738149443131271177e-01
-8.649652604878239615e-01
-9.576215922929556257e-01
-7.699873370559684460e-01
-6.997881610743017511e-01
-6.553830107654792236e-01
-6.319422262850520333e-01
-6.022212993221187638e-01
-6.044403761300127798e-01
-6.021849321402634736e-01
-6.061906634626743617e-01
-6.055383893420307473e-01
-6.219617315203382901e-01
-6.361698714698023061e-01
-6.540256889422999542e-01
-6.690702989502419484e-01
-6.736921488211429221e-01
-6.627739775918848331e-01
-6.306166506849928410e-01
-6.305649115329674537e-01
-6.378341596494649934e-01
-6.310779461855786643e-01
-6.275013094353680820e-01
-6.701278307303351056e-01
-7.426094450515674517e-01
-7.064522969152671195e-01
-6.606230677214077751e-01
-6.461188644256865565e-01
-6.390437124885028908e-01
-6.331330770072014502e-01
-6.301178542177976460e-01
-6.270686661200972623e-01
-6.179740394382031710e-01
-6.213546609382381014e-01
-6.411200276494319894e-01
-6.558872417948293787e-01
-6.645530301252176031e-01
-6.719046303371913886e-01
-6.820522146549765630e-01
-6.868935265671525237e-01
-6.959516521906659037e-01
-6.923454075994106560e-01
-6.927763040738912359e-01
-6.973725458550852352e-01
-7.046045314496809375e-01
-7.191975173205564786e-01
-7.347105041707848727e-01
-7.511193129590192363e-01
-7.642397859458873732e-01
-7.735879085607075822e-01
-7.496969107567097446e-01
-7.145495801772479005e-01
-7.029205008094407958e-01
-7.004540289956708854e-01
-6.998413111678241094e-01
-7.011728907188601312e-01
-7.020560150353314377e-01
-7.071835195337659030e-01
-7.151265463069460537e-01
-7.123104746728396997e-01
-6.971139171306797166e-01
-6.907191669059176142e-01
-6.932803809710117449e-01
-6.949790554020740529e-01
-6.771580083197576982e-01
-6.651613676468253189e-01
-6.612206708529617671e-01
-6.628847224589944354e-01
-7.640903947961281695e-01
-7.081790273678398862e-01
-6.582025106615958521e-01
-6.325497109903692738e-01
-6.221435503058261318e-01
-6.093744603000446070e-01
-6.235081901648977798e-01
-6.720749808715424933e-01
-6.767392603570612231e-01
-6.636636519194851758e-01
-6.487871182052247221e-01
-6.392797757922750179e-01
-6.290293992243536358e-01
-6.124995590818653746e-01
-6.083454561267496175e-01
-6.315788203203078766e-01
-6.402215559209598617e-01
-6.316378381928542396e-01
-6.369697327124539399e-01
-6.438529107159212117e-01
-6.540088872673326392e-01
-6.646126754073740095e-01
-6.801270547289526291e-01
-6.921529367420515833e-01
-6.853284870005706964e-01
-6.850821484732705358e-01
-6.895650437577631742e-01
-6.873358108796474575e-01
-6.854734922643244133e-01
-6.892698431647130697e-01
-7.031443829689090208e-01
-7.037771063951039352e-01
-6.983986688951038246e-01
-7.134742938951039726e-01
-7.461595022284370771e-01
-8.095359605617704624e-01
-8.789224188951032524e-01
-9.222960647284370594e-01
-9.632018980617704784e-01
-1.026688252228436848e+00
-1.086255127228437090e+00
-1.133869502228436854e+00
-1.102849606395103876e+00
-1.118046481395103875e+00
-1.130192731395103678e+00
-1.162617418895103949e+00
-1.219163668895103747e+00
-1.233710752228436736e+00
-1.239094710561770452e+00
-1.273182418895103751e+00
-1.303521585561770557e+00
-1.313445023061770023e+00
-1.312321064728437126e+00
-1.318427939728437082e+00
-1.332567418895103550e+00
-1.352904814728436822e+00
-1.370939814728437067e+00
-1.373236481395103681e+00
-1.365179502228436981e+00
-1.368417448657008428e+00
